1552
THE VOYAGE OF H.M.S. CHALLENGER.
Salicornaria--continued.
magnifica, 152, 363, 510, 1199,
1297, 1299, 1301, 1352.
malvinensis, 440, 475, 665, 669,
1141, 1179, 1413, 1427.
simplex, 543, 1413.
tenuirostris, 1173, 1413, 1449.
variabilis, 475, 1141, 1173, 1413,
1427.
Salilota, 1429.
australis, 1167, 1171, 1174, 1420,
1428.
Salmacis,
bicolor, 828, 1378.
dussumieri, 762, 819, 1336, 1358,
1378.
globator, 695, 1378.
rarispina, 695,721, 785,1378, 1423.
sulcata, 828, 1378.
Salmo,
Sabella, 114, 379, 584, 812.
assimilis, 1190, 1319.
bipunctata, 169, 1382.
fusca, 557, 1382.
zebuensis, 810, 1382.
Sabellaria,
(Pallasia),
capensis, 409, 1382.
giardi, 557, 1382.
johostoni, 308, 1382.
Sabellides, 122.
Sabinea,
septemcarinata, 226, 1388.
Saccammina,
socialis, 165, 964.
sphærica, 133, 353, 426, 449,
480, 498, 964, 1131, 1253.
Sagartia, 752, 1332.
Sagena,
crucifera, 1266.
pertusa, 1033, 1047, 1054, 1057,
1062.
triangula, 1207.
Sagenella,
frondescens, 630, 862.
Sagenoscena,
cruciata, 1017.
penicillata, 512, 513.
stellata, 1184.
Sagitta, 119, 137, 231, 248, 249, 252,
290, 320, 325, 327, 388, 389, 402,
418, 428, 430, 450, 456, 459, 487,
495, 499, 500, 505, 522, 525, 530,
576, 582, 584, 586, 587, 621, 642,
661, 664, 670, 671, 673, 676, 688,
735, 737, 741, 751, 760, 768, 770,
773, 775,, 782, 783, 790, 791,
797, 799, 802, 816, 817, 836, 845,
848, 850, 853, 858, 866, 868, 869,
871, 873, 877, 882, 884, 885, 887,
889, 893, 894, 916, 920, 931, 940,
941, 943, 944, 951, 952, 953, 959,
965, 968, 971, 973, 982, 987, 990,
994, 1003, 1007, 1009, 1018, 1025,
1029, 1033, 1048, 1062, 1064, 1068,
1079, 1082, 1083, 1085, 1096, 1099,
1101, 1102, 1105, 1106, 1109, 1113,
1115, 1119, 1127, 1137, 1138, 1144,
1182, 1185, 1193, 1195, 1197, 1201,
1202, 1203, 1207, 1209, 1210, 1212,
1213, 1221, 1223, 1227, 1228, 1232,
1234, 1236, 1237, 1251, 1256, 1260,
1262, 1263, 1266, 1268, 1269.
Sagmarium,
phlegmosphærium, 1251.
spongodictyum, 1221.
Sagmidium,
crucicorne, 944,
950,
953,
958.
quadricorne, 1104.
Sagmidium-continued.
tricorne, 1006, 1008, 1013, 1018,
1020, 1024.
unicorne, 986.
Sagoplegma,
pyramidophora, 894, 905, 916,
920, 922, 939, 941, 943.
scenophora, 977, 980.
Sagoscena,
castra, 1108, 1112.
coronata, 986.
cruciarium, 944, 950, 953,
958.
debilis, 1006, 1008, 1013, 1018,
1020, 1024, 1029, 1033, 1048,
1054, 1057, 1062.
pellorium, 505.
prætorium, 1048, 1054, 1057.
tentorium, 1101.
Sagosphæra,
coronilla, 1043.
furcilla, 1104.
penicilla, 500.
verticilla, 986.
Sagrina,
annulata, 1002.
bifrons, 903.
columellaris, 134, 182, 295, 582,
631, 687, 862, 1071.
dimorpha, 134, 182, 1071, 1154,
1158.
limbata, 687.
nodosa, 424.
raphanus, 481, 630, 631, 687,
717, 862, 903, 1002, 1071.
striata, 424, 641.
tessellata, 687.
virgula, 354, 1132.
Salacia,
polygastrica, 1230, 1292.,
Salanx,
microdon, 929, 1420.
Salenia, 122, 261, 268, 284, 334, 352,
365, 1224.
hastigera, 114, 332, 367, 614,
619, 758, 810, 1224, 1294,
1298, 1299, 1300, 1301, 1305,
1312, 1313, 1318, 1324, 1326,
1327, 1336, 1358, 1378.
varispina, 162, 172, 259, 266,
282, 357, 1242, 1294, 1299,
1300, 1305, 1310, 1313, 1336,
1355.
Salicornaria, 96.
bicornis, 550, 1352.
clavata, 440, 475, 491, 543, 572,
1141, 1413, 1427.
divaricata, 550, 1352.
dubia, 1191, 1323.
gracilis, 714, 1413.
macrostoma, 929, 1420.
Salpa, 109, 115, 117, 119, 137, 153,
157, 231, 248, 254, 288, 290,
302, 315, 320, 389, 425, 443,
459, 584, 587, 605, 618, 642,
664, 670, 673, 735, 737, 741,
742, 768, 770, 773, 775, 790,
793, 799, 838, 845, 848, 868,
869, 873, 882, 884, 885, 887,
890, 895, 920, 942, 945, 951,
960, 968, 970, 977, 991, 1018,
1025, 1033, 1063, 1068, 1079,
1082, 1083, 1086, 1092, 1106,
1113, 1115, 1121, 1133, 1185,
1186, 1203, 1210, 1213, 1215,
1219, 1234, 1237, 1260, 1262,
1266, 1269.
africana-maxima, 524.
cordiformis-zonaria, 692, 676,
871, 892, 9:22, 1144, 1163,
1167, 1193, 1214, 1263.
costata-tilesii, 592, 605, 892,
1094.
cylindrica, 315, 487, 493, 676,
871, 892, 1109, 1263.
democratica-mucronata, 416, 425,
428, 546, 575, 586, 774, 871,
1109, 1119, 1126, 1186, 1201,
1203, 1207, 1210, 1222, 1259,
1262, 1266.
echinata, 1096, 1109, 1174, 1260.
hexagona, 1008.
mollis, 1109.
musculosa, 1260, 1262.
nitida, 871.
quadrata, 1262
runcinata-fusiformis, 315, 493,
495, 676, 793, 835, 853, 871,
887, 905, 986, 1109, 1186,
1214, 1219, 1262, 1263, 1269.
