1548
THE VOYAGE OF H.M.S. CHALLENGER.
Ptychogaster,
lævis, 748, 1342.
milne-edwardsi, 1157, 1342.
Ptychogena,
pinnulata, 229, 1303.
Puffinus,
opisthomelas, 871.
Pugettia,
incisa, 925, 1393.
velutina, 748, 1343.
Pullenia, 334, 388, 673, 799, 845, 941,
943, 944, 1025, 1029, 1048,
1062, 1237, 1245, 1251, 1256,
1263.
obliquiloculata, 124, 134, 139,
145, 153, 167, 182, 191, 196,
199, 200, 212, 215, 262, 295,
319, 342, 354, 424, 427, 529,
582, 589, 605, 641, 664, 671,
687, 798, 843, 858, 876, 903,
937, 1026, 1033, 1037, 1067,
1078, 1085, 1104, 1112, 1231,
1247, 1253.
quinqueloba, 124, 134, 145, 153,
167, 182, 191, 196, 212, 215,
286, 295, 354, 430, 449, 481,
486, 492, 498, 582, 587, 589,
610, 631, 640, 641, 664, 671,
876, 937, 949, 965, 1026, 1037,
1067, 1085, 1092, 1112, 1132,
1154, 1201, 1217, 1231, 1247,
1253.
sphæroides, 115, 145, 153, 167,
182, 191, 196, 212, 215, 262,
342, 354, 427, 449, 512, 522,
529, 582, 587, 589, 605, 664,
671, 687, 876, 903, 937, 949,
965, 986, 1026, 1037, 1067,
1078, 1085, 1104, 1112, 1132,
1154, 1217, 1226, 1231, 1217.
Pulmo,
marinus, 14.
Pulvinulina, 115, 139, 197, 327, 334,
388, 584, 621, 631, 641, 642,
671, 735, 751, 770, 773, 775,
782, 783, 790, 793, 799, 817,
845, 871, 877, 882, 884, 885,
886, 889, 893, 894, 940, 944,
960, 965, 967, 968, 971, 973,
987, 988, 989, 991, 994, 1005,
1007, 1009, 1018, 1025, 1029,
1033, 1048, 1062, 1066, 1068,
1096, 1098, 1101, 1102, 1106,
1109, 1127, 1137, 1181, 1202,
1221, 1223, 1237, 1239, 1251,
1256, 1262, 1263.
auricula, 183, 197, 199, 582,
1072.
canariensis, 115, 124, 134, 139,
153, 191, 197, 199, 200, 212,
Pulvinulina canariensis-continued.
216, 262, 286, 295, 354, 400,
424, 427, 582, 589, 605, 630,
664, 876, 903, 937, 965, 1037,
1085, 1112, 1132, 1136, 1217,
1226, 1229, 1231, 1247.
concentrica, 124, 197, 400, 631,
687.
crassa, 139, 145, 147, 153, 212,
216, 262, 286, 295, 319, 342,
354, 427, 449, 512, 522, 529,
582, 587, 589, 605, 610, 631,
640, 664, 671, 937, 965, 1037,
1067, 1078, 1085, 1092, 1104,
1112, 1132, 1226, 1229, 1231,
1247, 1254.
dispansa, 183.
elegans, 115, 121, 134, 139, 167,
183, 200, 212, 216, 262, 286,
295, 354, 400, 424, 449, 582,
605, 610, 631, 641, 664, 937,
1072, 1226.
exigua, 145, 342, 498, 512, 529,
587, 589, 671, 876, 949, 965,
1026, 1067, 1085, 1092, 1104,
1112, 1136, 1217, 1254.
favus, 664, 671, 876, 937, 965,
1026, 1037, 1067, 1078, 1085,
1112, 1132, 1136, 1231.
hauerii, 295, 582, 687, 965,
1072.
karsteni, 631, 1067, 1092, 1181.
lateralis, 427, 630, 862.
menardii, 134, 139, 145, 147, 153,
167, 183, 191, 199, 200, 212,
216, 262, 295, 319, 342, 354,
424, 427, 582, 631, 640, 641,
664, 671, 673, 687, 742, 798,
843, 858, 876, 903, 937, 949,
965, 982, 990, 1003, 1026,
1037, 1067, 1078, 1104, 1112,
1132, 1136, 1201, 1202, 1217,
1227, 1229, 1231, 1232, 1245,
1247, 1254.
var. fimbriata, 139, 167, 183,
200, 262, 319, 355, 687,
1201, 1247.
micheliniana, 115, 124, 134, 139,
145, 147, 153, 167, 183, 191,
197, 199, 200, 212, 216, 262,
286, 295, 342, 355, 400, 424,
427, 430, 449, 512, 522, 529,
582, 584, 586, 589, 605, 610,
621, 640, 664, 671, 687, 876,
903, 937, 949, 953, 957, 960,
965, 982, 986, 1067, 1078,
1085, 1092, 1096, 1104, 1105,
1106, 1112, 1126, 1132, 1136,
1201, 1217, 1226, 1229, 1231,
1247, 1254.
Pulvinulina-continued.
oblonga, 197, 424, 687.
var. scabra, 197, 687.
partschiana, 262, 319, 424, 582,
858, 903, 1037, 1078, 1136.
patagonica, 134, 212, 262, 286,
342, 427, 430, 449, 512, 522,
671, 843, 876, 937, 957, 965,
1078, 1104, 1112, 1132, 1136,
1201, 1226, 1229, 1231.
pauperata, 139, 153, 167, 183,
262, 286, 295, 319, 355, 605,
610, 858, 876, 1104, 1112,
1132, 1136, 1226, 1231.
procera, 199, 641, 687.
punctulata, 115, 124, 183.
repanda, 124, 183, 197, 199, 631,
863, 1003.
schreibersii, 183, 197, 687.
tumida, 139, 145, 167, 183, 191,
197, 200, 212, 216, 295, 319,
342, 355, 427, 631, 640, 641,
664, 671, 687, 798, 843, 858,
876, 903, 965, 1026, 1037,
1067, 1078, 1226, 1229, 1231,
1254.
umbonata, 197, 342, 355, 424,
449, 664, 671, 858, 876, 903,
979, 1067, 1078, 1112, 1132,
1154, 1163.
vermiculata, 183.
Puncticulis (see Conus).
Puncturella, 705, 1405, 1427.
agger, 175, 1348.
brychia, 219, 1309.
clathrata, 175, 1348.
noachina, 1359, 1427, 1449.
var. galeata, 1164, 1405.
var. princeps, 438, 473,
1348, 1405.
oxia, 175, 1348.
sportella, 175, 1348.
(Cranopsis),
asturiana, 175, 1348.
granulata, 175, 1348.
profundi, 175, 1349.
(Fissurisepta),
rostrata, 175, 1349.
Purpura, 293, 1309.
(Cronia),
amygdala, 567, 707, 1405, 1427.
(Polytropa),
scobina,
albomarginata, 598,
1405.
(Stramonita),
fasciata, 1240, 1405.
(Thalessa),
alveolata, 925, 1405.
pica, 651, 1405.
var.
