
OF THE OCEAN FRO
BOTTOM TEMPERATURE
70
60
30
40
100
90 80
10
120
140
130
160
150
170
oyage of HMS “Challenger"
180
170
160
150
140
130
110
120
T
62
50 25 23 23 49: 22
53.2
24
51
28 23 19
52 53 $3
2019 16
35
49.15
47:15
45431
600
1212 6228
62 7
6324
6528
5000 6544
7542
2120
50
52
51.29-30
52-25
5231
49
4820
4728
538
50 30
49
50
39 36
49
28
51 51 50 53
29 23 26 28 29
5047
5028
5229
49 2216
65.24
89:21
25.19
642
03:28
20
24
3
52.22
24
6220
30
49.29
52:28
25
55.25
51
53 53 5!
98 20 22 Tropic of Cancer
4.9.2.2
31...33
55 48
18 18
27
31
50
25
60.19
51026
20
58.22
16344
195
52130
5029
5127
50127
4829
5225
58
80.14
588
6619
Bolls
60.30
46129
Equator
55423
5224
50 24
42.23
el 26
245 23
25. 33
51422
26 61
4653
80290
10
27
66-24
601
56
19
60
56
te
Tropic of Capricorn
20
62570
50-191
5421
50]
10 N20
700-10
60
43. 29
55.25. 1574136
55. 25
55.202
55.21
52:18)
SR47
579
558
30
50_24
484 23
47 24
18
49
46 52
48
15
64
123
58
Z
135
26
30
37 41
28_23
6093
40
39,26
4521
3526
50
2229
80
Antarctic Circle
70
FIGURES SHOWING THE
BOTTOM TEMPERATURE OF THE OCEAN
FROM 1000 FATHOMS DOWNWARDS
Note:--Temperature 30° + (thus 53 represents 353 4o.) (Blue)
15 represents 1500 Fathoms, 28 - 2800 Fths &c. (Red)
70
80
90
100
120
110
130
140
Track of HIMSA
160
150
170
180
170
140
150
160
100
NO
130
120
A Buchan. Delt.
