SUMMARY OF RESULTS.
1591
ens capture
tº, la
1981
Larvæ of Antedon, 1242.
Aphroditaceans, 428, 487, 642, 671, 673,
676, 782, 783, 790, 793, 797, 799, 848,
858, 868, 871, 877, 882, 990, 1007,
1048, 1068, 1101, 1119, 1127, 1209,
1243, 1248, 1251, 1260.
Ascidians, 576, 866, 1077.
Asteroidea, 663, 775, 858.
Atlanta, 845, 1221.
Balanoglossus, 673, 775, 782, 783, 835, 836,
863, 877, 882, 991, 1202.
Brachyura, 116, 119, 893, 1207.
Caridids, 661, 676, 836.
Cephalopoda, 768, 802, 887, 895, 1054,
1101, 1109, 1113, 1232, 1269.
Chirodota, 495, 500, 505, 735, 835, 836,
990, 991.
Cirripedia, 123, 249, 252, 525, 576, 787,
797, 817, 822, 835, 836, 866, 920, 932,
940, 942, 970, 1146, 1195, 1197, 1270.
Coelenterata, 661, 770, 845, 853, 886.
Crustacea, 115, 116, 385, 664, 673, 737,
775, 778, 782, 790, 816, 893, 1025,
1119, 1137, 1141, 1262.
Ctenophoræ, 1009, 1237, 1241.
Cymbulidæ, 428, 799, 817, 853, 884, 1209,
1210, 1256.
Decapoda, 142, 348, 382, 384, 418, 425,
530, 576, 661, 677, 1096, 1105, 1202,
1221, 1227, 1237, 1245, 1248, 1251,
1260, 1262.
Dendrocoelous Planarians, 848, 850, 853.
Echinodermata, 119,661, 664, 673, 737, 768,
773, 775, 778, 782, 783, 790, 791, 793,
799, 802, 817, 838, 853, 858, 863, 868,
871, 873, 877, 882, 884, 885, 887, 893,
931, 941, 951, 994, 1007, 1025, 1029,
1048, 1079, 1085, 1186, 1209, 1256,
1257, 1260, 1263.
Echinridæ, 885, 887.
Euphausia, 443, 530, 882, 893, 982, 1033,
1096, 1113, 1182, 1186, 1203, 1263,
1266.
Fishes, 676, 741, 816, 845, 853, 858, 868,
869, 872, 884, 885, 887, 890, 940, 943,
981, 987, 991, 1018, 1063, 1064, 1068,
1082, 1086, 1101, 1119, 1137, 1195,
1202, 1203, 1207, 1210, 1211, 1221,
1223, 1227, 1232, 1248, 1256, 1260,
1262, 1264, 1266, 1269, 1270.
Larvæ of Fishes, flying, 1207, 1264.
Gasteropoda, 661, 688, 735, 770, 799, 808,
848, 882, 884, 885, 887, 916, 932, 940,
965, 970, 971, 975, 994, 1025, 1068,
1203, 1207, 1213, 1251, 1260, 1270.
Heteropoda, 971, 975, 977, 981, 1138.
Holothurioidea, 642,775, 853, 858, 869, 1237.
Hydroida, 836.
lanthina, 1009, 1068, 1203, 1210, 1232,
1264,
Lamellibranchiata, 576, 664, 672, 673, 676,
688, 737, 741, 790, 791, 793, 808, 877,
882, 884, 885, 887, 893, 916, 932, 940,
990, 994, 1025, 1069, 1083, 1089,
1105, 1138, 1141, 1144, 1146, 1158,
1163, 1172, 1251, 1260, 1263, 1270.
Leptocephalidæ, 676, 1262.
Lucifer, 870, 1025, 1202, 1207.
Macruridæ, 661.
Maurolicus, 661.
Medusæ, 790, 799, 858, 931, 1158.
Membranipora, 932, 1127, 1156, 1158,
1209.
Mussels, 1146, 1156, 1158, 1163, 1251.
Mysidæ, 1137, 1207.
Nautactis, 790.
Nudibranchiata, 189.
Nymphon, 228.
Octopus, 885.
Ophiuroidea, 894, 916, 931, 941, 944, 951.
Peneidæ, 661.
Percidæ, 858, 885.
Planarians, 836, 853, 863, 869, 882, 894,
916, 932, 1089, 1127, 1202, 1227, 1243,
1245.
Pleuronectidæ, 315, 320, 321, 322, 895,
1197, 1262.
Pneumonoderma, 848, 851.
Podophthalmiæ, 1106.
Polygordius, 932.
Polyzoa, 1119.
prawns, 802.
Pteropoda, 428, 459, 642, 661, 670, 673,
676, 735, 741, 768, 773, 782, 783, 790,
791, 793, 802, 877, 887, 893, 916, 920,
940, 953, 960, 968, 971, 994, 1007,
1025, 1096, 1105, 1115, 1119, 1127,
1138, 1210, 1227, 1232, 1234, 1237,
1251, 1260, 1262, 1266.
Pyrosoma, 877, 884.
9
Nie
