GENERAL INDEX.
The names of ships are distinguished by the definite article.
Abd-el-Mesih, 35.
Absence of currents in deep water, 90, 91.
Abu Zaid, 31.
Acantharia, 512, 513, 516, 878, 1046.
Acanthometræ, 109, 116, 139, 142, 428, 576, 584, 642,
670, 671, 673, 676, 735, 737, 742, 773, 775,
793, 799, 802, 808, 845, 853, 873, 893, 931,
932, 971, 975, 994, 1054, 1079, 1083, 1102,
1106, 1113, 1119, 1121, 1127, 1133, 1138,
1186, 1193, 1195, 1197, 1201, 1203, 1209,
1210, 1221, 1223, 1227, 1232, 1233, 1234,
1236, 1237, 1245, 1256, 1260, 1262, 1263,
1264.
Acephalæ, 86.
Actiniaria, 118, 160, 203, 214, 216, 224, 237, 240,
251, 305, 365, 392, 406, 423, 442, 444, 451,
461, 483, 496, 504, 507, 518, 527, 545, 551,
601, 609, 632, 676, 681, 691, 719, 752, 758,
759, 779, 781, 784, 789, 804, 809, 823, 836,
842, 864, 898, 917, 933, 947, 955, 964, 1059,
1091, 1103, 1110, 1123, 1128, 1130, 1135,
1141, 1142, 1146, 1147, 1153, 1160, 1163,
1168, 1174, 1188, 1194, 1196, 1200, 1206,
1243, 1271, 1277, 1284, 1292, 1303, 1316,
1332, 1446, 1450.
Adam of Bremen, 31.
Adams, A., 381, 586, 754.
Aden, 43.
Admiralty Islands, 858.
Adriatic, 13.
Adventure, the, 69, 70, 794,
Ægean Sea, 7, 8, 16, 17, 27, 81, 82, 86.
Æolus, 9, 18.
Æschylus, 10.
Aethiopian Ocean, 50.
Agardh, C. A., 68.
Agassiz, Alexander, 104, 105, 1458 (see also Echinoidea).
on the Echinoidea of the northern
and southern hemispheres, 1444.
Louis, 97, 98, 99, 103.
Agatharchides, 21.
Agulhas Bank, 94, 416.
Aimé, G., 74.
Albany, the, 88, 90.
Albatross, the, 104, 105.
Albatrosses, 383, 384, 428, 429, 430, 431, 444, 450,
456, 457, 500, 501, 526, 584, 585, 588, 611,
885, 888, 894, 915, 917, 933, 941, 944, 953,
954, 959, 969, 971, 974, 976, 978, 982, 983,
985, 988, 989, 1078, 1083, 1084, 1088, 1091,
1114, 1122, 1183, 1203, 1209.
Albert, Prince of Monaco, 106B, 106c, 1439.
Alberti, L. B., 57, 88.
Albertus Magnus, 33, 38.
Al-Biruni, 34.
Albuquerque, A. d', 44.
Alciopidæ, 327.
Alcyonaria, 118, 140, 161, 179, 236, 239, 259, 263,
269, 281, 292, 305, 338, 356, 366, 373, 392,
399, 406, 432, 458, 461, 483, 488, 496, 498,
536, 547, 555, 612, 618, 623, 636, 642, 666,
690, 719, 744, 752, 755, 761, 779, 784, 801,
804, 814, 818, 822, 839, 859, 897, 906, 917,
933, 946, 1072, 1147, 1150, 1156, 1160,
1168, 1188, 1238, 1241, 1284, 1292, 1303,
1315, 1330, 1440, 1448, 1450, 1452.
Alemanos, Antonio d', 64.
Alert, the, 221.
Alexander, the, 76.
Alexander the Great, 13, 17.
Alexandria, 18, 19, 21, 35.
Alexandrian school, 17, 22.
1
