1586
THE VOYAGE OF H.M.S. CHALLENGER.
n
Foraminifera—continued.
234, 251, 261, 285, 294, 304, 319, 322, 325,
334, 312, 353, 380, 382, 383, 384, 388, 400,
423, 426, 429, 430, 448, 480, 482, 486, 492,
498, 506, 510, 522, 525, 529, 576, 580, 582,
584, 587, 588, 604, 610, 621, 629, 639, 641,
663, 671, 676, 685, 716, 735, 760, 778, 798,
808, 843, 844, 853, 857, 862, 876, 887, 903,
920, 936, 941, 943, 948, 949, 956, 964, 975,
978, 979, 985, 986, 992, 1002, 1007, 1009,
1010, 1025, 1026, 1033, 1034, 1036, 1048,
1065, 1066, 1071, 1078, 1084, 1087, 1089,
1091, 1098, 1099, 1102, 1103, 1104, 1111,
1114, 1119, 112, 1130, 1135, 1136, 1153,
1158, 1162, 1172, 1180, 1200, 1202, 1215,
1216, 1222, 1225, 1227, 1229, 230, 1233,
1235, 1245, 1247, 1253, 1259, 1260, 1262,
1269, 1274, 1431, 1455, 1456, 1457.
selection of material to form tests of, 511.
Foraminiferous deposits, 98.
Forbes, Edward, 79, 81, 82, 83, 84, 85, 86, 94,
106B.
investigations in deep water, 81.
H. O., 1459.
Forchhammer, J. G., 75.
Forster, J. G. A., 69.
J. R., 69.
Fort Washington, 89.
Fortunate Islands, 17.
Foster, Henry, 65.
Fournier, G., 64.
Fowler, G. H., 399.
Fragments of wood imbedded at sea-bottom, 837.
Franklin, Benjamin, 75.
John, 85.
Fremy, E., 103.
French, 52.
Expeditions, 106B.
Freycinet, L. C. D., 75.
Frigate birds, 735, 743, 1049, 1055, 1058, 1246.
Frobisher, M., 47.
Frog-crab, 379.
Fruits, 758, 819, 851, 854.
Fuchs, Wilhelm, 84.
Fuci, 68.
Fulmars, 1021, 1026.
Fulton, J. W., 1432.
Fur-seals, 546.
Gaffarel, P., 4.
Gaimard, J. P., 75.
Galapagos Islands, 105.
Galatheidæ, 238.
Galileo Galilei, 63.
Gama, Vasco da, xxxv., 4, 43, 44, 46, 64.
Gammaridæ, 141, 600, 948.
Ganges, River, 34.
Gannets, 665, 674, 783, 854, 874, 1005, 1008, 1010,
1019, 1021, 1026, 1058, 1064, 1069.
Ganoids, 103.
Gardner, E. G., 38.
Gases in sea-water, 103.
Gassendi, P., 14.
Gasteropoda, 86, 96, 113, 127, 133, 136, 152, 164, 174,
194, 219, 224, 227, 237, 254, 260, 267, 273,
283, 293, 305, 312, 329, 333, 344, 351, 360,
378, 387, 396, 412, 418, 422, 438, 447, 454,
473, 485, 490, 479, 495, 510, 533, 541, 565,
579, 584, 591, 594, 598, 603, 608, 620, 621,
627, 632, 634, 638, 650, 661, 663, 668, 680,
681, 683, 705, 727, 736, 740, 748, 754, 765,
781, 782, 786, 789, 793, 795, 799, 806, 811,
815, 820, 832, 812, 856, 860, 865, 900, 909,
913, 914, 919, 925, 948, 963, 965, 998, 1063,
1075, 1120, 1135, 1141, 1143, 1152, 1155,
1161, 1164, 1178, 1191, 1194, 1199, 1205,
1225, 1230, 1240, 1243, 1256, 1270, 1279,
1287, 1297, 1308, 1322, 1345, 1449, 1451,
1452.
larvæ of (see Larvæ).
Gatterer, 52.
Gaudichaud Beaupré, C., 75.
Gaul, 20.
Gauttier, 39.
Gazelle, the, 106A, 393, 395, 421, 432, 478.
Gegenbaur, C., 676.
Gehler, J. S. T., 67.
Geikie, Arch., 81.
Gelatinous sea of the north, 6.
Geminus, 30.
Genera (proportion of) to species in deep sea,
1435.
Geographical distribution, 1275.
Gephyrea, 138, 210, 219, 225, 271, 307, 375, 408, 464,
503, 508, 557, 607, 732, 758, 759, 780, 805,
814, 840, 924, 947, 1198, 1285, 1294, 1305,
1319, 1337, 1448.
Gerland, E. A., 66.
German Expeditions, 106a.
Gades, 4, 17, 21, 22.
5
L
