1582
THE VOYAGE OF H.M.S. CHALLENGER.
Copepoda-continued.
Courteille, A. J. B. P. de, 32.
1106, 1108, 1109, 1112, 1115, 1119, 1121, Covilham, Pedro de, 43.
1126, 1133, 1137, 1138, 1141, 1146, 1156, | Crabs, 35, 118, 119, 123, 188, 189, 235, 297, 318,
1158, 1163, 1167, 1172, 1174, 1182, 1185,
617, 802, 808, 822, 849, 852, 853, 870,
1186, 1193, 1195, 1197, 1202, 1203, 1207,
890, 915, 1064, 1266 (see also Brachyura).
1208, 1210, 1211, 1212, 1213, 1215, 1219, Crangonidæ, 585.
1221, 1223, 1226, 1227, 1228, 1229, 1232, Crates of Mallus, 20.
1233, 1234, 1235, 1236, 1237, 1243, 1245, | Craven, Lieut., 98.
1248, 1251, 1255, 1256, 1257, 1258, 1259, Crested penguins, 444.
1260, 1261, 1262, 1263, 1266, 1268, 1269, Cretaceous marl, 99.
1270, 1271, 1286, 1306, 1320.
rocks, 82, 89, 99.
Copernicus, Nicolaus, 64.
Crevettinæ, 755.
Coprolites, 1087.
Crinoidea, 172, 221, 279, 332, 338, 356, 374, 393,
Coquille, the, 67, 70.
407, 433, 444, 452, 462, 483, 488, 518, 527,
Coral deposits, 98.
555, 577, 606, 613, 619, 623, 636, 662, 693,
reefs, absence of, on W. coast of Africa, 1459.
720, 735, 745, 756, 769, 780, 785, 792, 804,
America, 1459.
809, 814, 818, 826, 839, 855, 859, 864, 873,
off Cape Guardafui, 1459.
898, 917, 921, 955, 1150, 1189, 1198, 1242,
Sea, 88.
1278, 1284, 1292, 1303, 1316, 1333, 1446.
Corals, 62, 66, 78, 79, 96, 97, 98, 99, 117, 140, 161, Crocodiles, 14.
171, 192, 200, 201, 213, 229, 237, 239, 240, Cronian Sea, 16.
265, 270, 280, 281, 296, 305, 338, 343, 350, Crozet Islands, 457.
356, 379, 385, 393, 399, 406, 419, 433, 452, Cruquius,
Cruquius, —, 55.
507, 536, 548, 555, 577, 595, 612, 618, 623, Crusades, 39.
629, 636, 667, 674, 688, 719, 732, 738, 745, Crustacea, 17, 61, 76, 78, 79, 85, 97, 109, 111, 131,
752, 758, 767, 779, 793, 804, 809, 814, 818,
184, 186, 187, 228, 230, 247, 249, 257, 284,
822, 823, 839, 855, 864, 875, 898, 921, 947,
316, 318, 321, 322, 383, 501, 528, 551, 575,
955, 992, 1088, 1123, 1142, 1145, 1147, 1149,
582, 584, 600, 610, 629, 642, 671, 673, 677,
1150, 1160, 1188, 1198, 1205, 1216, 1238,
681, 688, 732, 735, 741, 742, 751, 773, 775,
1241, 1242, 1243, 1271, 1272, 1278, 1284,
790, 793, 799, 812, 822, 890, 977, 1026, 1054,
1292, 1303, 1316, 1332, 1446, 1448, 1450,
1063, 1079, 1098, 1101, 1109, 1115, 1119,
1456.
1144, 1183, 1185, 1272, 1434, 1438, 1454,
Reef, 168, 240, 306, 356, 406, 623, 642, 667,
1458.
691, 719, 755, 761, 769, 823, 994, 1072. Crustacean eggs, 782, 916.
Coralline Crag, 96.
larvæ (see Larvæ).
ground, 100.
parasites, 251.
plateau, 100.
Ctenophoræ, 218, 222, 231, 430, 487, 495, 587, 775,
778, 808, 838, 848, 850, 852, 873, 889, 890,
Corallines, 76, 78, 79, 85.
893, 894, 931, 940, 970, 987, 1009, 1068, 1106,
Corea, 33.
1109, 1115, 1119, 1186, 1195, 1210, 1215,
Corinthians, 9.
1219, 1221, 1237, 1241.
Cortereal, Gaspard, 44.
Cumacea, 214, 219, 288, 471, 480, 532, 698, 835, 963,
Miguel, 44.
1286, 1307, 1340, 1451.
Cortes, F., 40.
Current (see under each Station).
Corycæidæ, 783.
-drag lost, 149.
Cosmas Indicopleustes, 29.
Currents, observations on marine, 64.
Cosmic spherules, 1460.
Cusanus, Nicolaus, 56, 57, 88.
Cosmographical views of Aristotle, 15.
Cuttle-fishes, 783, 849, 936, 940, 951, 1064.
Homer, 8.
Cuxhaven, 77.
Counter equatorial current, 1025, 1026, 1034.
Cyclops, the, 74, 91, 92.
zone, 84.
-
