ATURE OF MAN FROM 1000 FATHOMS DOWNWARDS

40
30
20
10
0
10
20
30
40
Oceanic Circulation Map 15
50
30
70
80
90
100
uo
120
130
140
150
160
80
293 293
16 297
14
296
289
292 295 291
12 16 13
00
Op
10
295
295
2991
17
299 297 29
297 298 296
1814--13
299
lo Arctic Circle
00
12 299 97
Regard
70
024
17 19
68
12 65 67-18
69.15
10.14
78.12
65
28
350
130
22 712
2727
-19
566
40
78-17
62-22
33. 34
50 51
49 51
29 36
o
60727
76'30
70827
AD 39 36
5829
30
68
19
70-68419
27.64613
644214
64_5815
52: $0 x 24
555.48
25
65.2016
80.14
7D-
50
80
6013
621
20
643
74
75 11
58414
263074
66
1099
12
50.25
61
48":
52,16
75. 14
5077382
$ 50-20
550 4613-21
B0015047
4895
48.15
1345977
(48.1950018 5518
3920 10
4427 45.
40.
060
10
60.60
65
72
25
# 23 25
62:22
65
19
45.194
15 T2
55.23
52024
48 45454548 45 45
z 25 26 26 25 24 24 43 4540
30127-16
fogó 14 454? 4? 48 *
402226 26 26 21 22 22 25
73
70
65
5 65 44 856584
24 44 30 29 25 25
245 40
18
22 24
O
68.2011
19
45-20
0.14
2050-21
35
20.12
152
75414
3825
76.15
7911
sa,
44 0
27
28
10
28
7234
T8
0.31
48-31
60-24
60.
12:15
46.30
64:20
50 18
4035*30
32:28
47 23
7212
23
1.26.26...
62%
500
20
35.251
38.29
16
65-19
46423
6712
38.23
70814
38.26
50€20 $8.-19
30
45
528
29
1
51
52
21
2227 54 40 54-28
22
60-16
48. 30.25
27 24 17
25
28
34.25
745 *1843419 4318
38 341
3.50
30
37 41
2823
40
39-26
58
56 42
14 16
35
18
50
22
60
397 30
EXPLANATION OF COLOURING
Contours showing
Height of Land
SCOO Feet
3000
70
E
Catours showing
Depth of Sea
SEA LEVEL
100 Fathoms
500
1000
1500
ARDS
40
30
20
10
0
10
20
30
40
50
60
70
80
00
Lown thus
100
110
120
130
140
150
160
Bartholomow, Edin
