
OF TREAN AT
DEPTHS
OF
1000 FATHOMS & DOWNWARDS
0
40
30
20
20
0
Oceanic Circulation. Map 16.
10
20
30
40
50
80
70
80
90
100
110
120
130
140
150
180
80
$57,
257
256
256
256
256.
• 258
257
2594
• 260
260
259)
258
70
2 Arctic Gicle
268
275
275
50
261
262
26
260
267
268
40
200
295
266
2701
263
256
4256
257
256
2718
CO
30
975 261
274
26
260
:274
264
270
282
262
265.
2612
270
261
59
20
2690
261
258
213
20
10
260.28
260-14393
258 257 258
258
257
259
2586
4256
2594256
254
259...257
* 261
8261
256.
258
k55 260
5267
• 262
4260
• 260
261
260
260
2603
267
273
10
1257
20
2714
$264
2594
30
258
260.25
259
2594
259 260
258
259
258
259 26-38
Re
259
258
259
258
259
1260
261
40
2571
255
25:36
256
256
255
80
256
60
256
252
257
258
EXPLANATION OF COLOURING
Contours showing
Height of Land
8000 Feet
aooo
70
SEA LEVEL
Loo Fathoms
SOO
Contours showing
Depth of Seå
1000
1500
40
30
20
10
0
10
20
30
40
50
60
70
80
90
100
110
120
130
140
150
160
Fer shown thus
Bartholomew, Edin
