SUMMARY OF RESULTS.
1507
Genypterus,
chilensis, 1121, 1418.
Geocarcinus,
lagostoma, 244, 1240, 1390, 1425
Geograpsus,
grayi, 649, 1390.
Geothelphusa (see Thelphusa).
Gephyria,
gigantea, 442, 481, 492, 904.
incurvata, 442, 481.
media, 904, 938.
Gephyrophora, 1361.
polymorpha, 422, 1351.
Gerres,
abbreviatus, 715, 1418.
jonesi, 245, 1418.
lefroyi, 245, 1418.
macracanthus, 861, 1418.
oyena, 629, 658, 1418, 1428.
Geryon,
incertus, 194, 1343.
Gibberula (see Marginella).
Gibbula (see Trochus).
Girella, 1440.
Glabella (see Marginella).
Glandulina (see Nodosaria)
Glaucilla,
briareus, 887.
Glaucothoë,
carinata, 549, 1342.
Glaucus, 150, 380, 871, 890, 915, 1018.
atlanticns, 987, 1033, 1266.
longicirrus, 993.
Gleba, 249, 380, 402, 848, 959, 982,
1007, 1025, 1048, 1068.
Globigerina, 89, 92, 93, 94, 98, 110,
251, 325, 327, 334, 388, 428,
450, 459, 487, 195, 198, 500,
501, 522, 576, 582, 584, 586,
605, 621, 641, 642, 661, 670,
671, 672, 673, 676, 677, 681,
735, 737, 742, 751, 768, 770,
773, 775, 778, 782, 783, 790,
793, 799, 802, 816, 817, 838,
843, 845, 848, 850, 853, 858,
866, 868, 869, 871, 873, 877,
882, 884, 885, 886, 887, 889,
893, 894, 916, 940, 941, 943
944, 951, 952, 953, 958, 960,
966, 968, 975, 977, 980, 982,
987, 988, 989, 991, 992, 994,
1005, 1007, 1009, 1018, 1025,
1029, 1033, 1048, 1054, 1062,
1065, 1066, 1068, 1082, 1083,
1085, 1087, 1089, 1092, 1096,
1101, 1102, 1105, 1106, 1109,
1113, 1115, 1119, 1121, 1127,
1130, 33, 1137, 1138, 1141,
1182, 1185, 1186, 1193, 1201,
1203, 1207, 1209, 1210, 1221,
Globigerina-continued.
1223, 1226, 1227, 1234, 1236,
1237, 1239, 1243, 1245, 1251,
1256, 1260, 1262, 1263.
æquilateralis, 124, 134, 139, 145,
153, 166, 182, 196, 198, 200
211, 261, 286, 295, 354, 424
427, 582, 589, 605, 610, 631
640, 664, 671, 783, 798, 843,
858, 862, 876, 937, 1002, 1037,
1067, 1071, 1078, 1085, 1112,
1132, 1226, 1229, 1231, 1253.
bulloides, 115, 124, 134, 139,
145, 147, 153, 182, 191, 196,
198, 200, 211, 215, 261, 286,
295, 319, 342, 354, 400, 424,
427, 430, 449, 480, 481, 486,
492, 511, 522, 529, 582, 587,
589, 605, 610, 630, 664, 687,
798, 843, 858, 876, 903, 937,
949, 965, 973, 979, 986, 1002,
1010, 1037, 1067, 1071, 1078,
1085, 1089, 1092, 1104, 1112,
1126, 1132, 1136, 1154, 1158,
1162, 1163, 1172, 1201, 1217,
1223, 1229, 1231, 1247, 1253.
var. triloba, 134, 139, 153,
166, 261, 424, 511, 584,
589, 664, 876, 937, 965,
1132, 1231, 1253.
conglobata, 115, 124, 134, 139,
145, 153, 166, 182, 191, 196,
198, 200, 212, 215, 261, 286,
295, 319, 342, 354, 424, 427,
582, 630, 631, 610, 641, 664,
671, 687, 843, 858, 876, 937,
965, 1002, 1037, 1067, 1078,
1085, 1092, 1104, 1112, 1201,
1226, 1229, 1231, 1247, 1253.
cretacea, 1037, 1226, 1247.
digitata, 261, 354, 671, 876, 1037,
1067, 1085, 1112, 1132, 1231.
dubia, 139, 145, 153, 166, 182,
191, 196, 198, 200, 212, 215,
261, 295, 319, 342, 354, 424,
427, 430, 582, 589, 640, 664,
671, 687, 798, 843, 858, 876,
903, 937, 949, 965, 1026, 1037,
1067, 1104, 1112, 1132, 1136,
1231, 1253.
dutertrei, 212, 215, 261, 486,
498, 512, 1456.
helicina, 342, 354, 582, 876,
1067, 1085, 1132, 1231, 1253.
inflata, 115, 124, 134, 139, 145,
147, 153, 191, 196, 198, 200,
212, 215, 261, 286, 295, 342,
354, 400, 424, 427, 430, 449,
512, 522, 529, 582, 589, 605,
610, 640, 664, 671, 843, 862,
Globigerina inflata--continued.
903, 949, 965, 979, 986, 1037,
1067, 1085, 1104, 1112, 1132,
1136, 1154, 1201, 1217, 1226,
1229, 1231, 1247, 1456.
pachyderma, 147, 215, 979, 1010,
1092.
rubra, 115, 124, 134, 139, 145,
147, 153, 166, 182, 191, 196,
198, 200, 212, 215, 262, 286,
295, 319, 354, 424, 427, 582,
631, 641, 661, 716, 717, 845,
858, 862, 876, 937, 1002, 1037,
1085, 1092, 1201, 1226, 1229,
1231, 1247, 1253.
sacculifera, 124, 134, 139, 145, 153,
167, 182, 191, 196, 199, 200,
212, 215, 262, 286, 295, 319,
342, 354, 424, 427, 582, 631,
640, 641, 664, 671, 687, 843,
858, 862, 876, 903, 937, 1026,
1037, 1067, 1078, 1085, 1112,
1201, 1229, 1231, 1247, 1253.
Globiocephalus, 1087.
Glomus, 174, 1344.
inæquilateralis, 174, 1344.
japonicus, 935, 1296.
jeffreysi, 174, 1344.
nitens, 1199, 1296, 1448.
simplex, 174, 1344.
Glycera, 835, 836.
alba, 114, 327.
amboinensis, 763, 1381.
capitata, 112, 271, 1337, 1356.
kerguelensis, 465, 1337.
lamelliformis, 596, 1381.
sagittariæ, 735, 1381.
tesselata, 271, 1337, 1356, 1448.
Glyphidodon,
assimilis, 659, 1418.
saxatilis, 340, 1240, 1418, 1428.
septemfasciatus, 684, 1418.
sordidus, 684, 1418.
xanthozona, 659, 1418.
Glyphocrangon,
aculeata, 351, 1320.
acuminata, 663, 1307.
granulosis, 856, 1307.
hastacauda, 900, 1341.
podager, 446, 1307.
regalis, 620, 633, 755, 1320, 1326,
1341, 1356.
rimapes, 934, 1129, 1214, 1296,
1298, 1299, 1307, 1447.
Glyphodesmis, 191, 197.
fusiformis, 904.
williamsonii, 191, 197, 303, 938.
Gnathaster,
elongatus, 433, 462, 484, 488,
1334, 1355, 1358, 1375, 1423.
