CONTENTS.
xlvii
Yokohama to Sandwich Islands.
PAGE
253,
.
.
.
Station 237,
238,
239,
240,
241,
242,
243,
244,
245,
246,
247,
248,
249,
932 Station 250,
940
251,
942
252,
943
945
254,
951
255,
952
256,
954
257,
959
258,
961
259,
966
260,
968
261,
970 Animals from Sandwich Islands,
PAGE
971
973
975
977
981
983
984
987
988
990
991
993
994
.
.
.
.
99
Sandwich Islands to Tahiti.
.
.
Station 262,
263,
264,
265,
266,
267,
268,
269,
270,
1003 | Station 272,
1005
273,
1007
274,
1009
275,
1013
276,
1018
277,
1020
278,
1025
279 to 279c,
1029 | Animals from Tahiti, .
1034
1048
1054
1057
1063
1064
1068
-1069
1070
1072
99
271,
Tahiti to Valparaiso.
.
.
.
Station 280,
281,
282,
283,
284,
285,
286,
287,
288,
289,
1077
Station 290,
1079
291,
1081
292,
1082
293,
1083
294,
1086
295,
1090
296,
1092
297,
1094
298,
1096 | Animals from Valparaiso,
1098
1099
1101
1102
1105
1107
1109
1113
1115
. 1120
.
.
Valparaiso to Gulf of Peñas.
.
Station 299,
300,
301,
1121
1127
1132
Station 302,
303,
1133
1137
.
